*************Target variables in total: 31*************
Number of Fault Insertions: 253
Number of Faulty Executions: 253
,variable_name,max_risk_diff,quantile1,quantile2
24,dd_1,0.8848848848848849,0,1
22,temp_3,0.8758758758758759,0,8
23,temp_0,0.7577577577577578,0,1
20,d_1,0.7467467467467468,0,1
15,y_0,0.007007007007007007,0,9
14,y2_0,0.007007007007007007,0,9
1,delta_0,0.006,0,6
0,y_1,0.006,0,6
28,x_5,0.005390835579514825,1,8
11,x_4,0.004,8,0
26,t_0,0.001001001001001001,0,9
8,stat_0,0.0,0,0
5,P2_0,0.0,0,0
29,p1_0,0.0,0,0
27,sgn_3,0.0,0,0
25,dd_0,0.0,0,0
2,P3_0,0.0,0,0
3,r_0,0.0,0,0
4,TwoPi_0,0.0,0,0
21,d_0,0.0,0,0
19,d_4,0.0,0,0
9,x_cut_0,0.0,0,0
18,e_0,0.0,0,0
17,e_1,0.0,0,0
16,e_4,0.0,0,0
6,P1_0,0.0,0,0
7,theta_2,0.0,0,0
13,status_0,0.0,0,0
12,status_red_0,0.0,0,0
10,sgn_0,0.0,0,0
30,p0_0,0.0,0,0
