*************Target variables in total: 40*************
Number of Faulty Executions: 855
,variable_name,max_risk_diff,quantile1,quantile2
18,seps_1,0.6363636363636364,1,8
22,ceps_1,0.4606060606060606,1,0
33,sqrty_0,0.07135678391959799,0,1
28,ampl_0,0.06030150753768848,0,8
10,d_1,0.05105105105105101,0,3
26,cy_0,0.04020100502512558,0,8
13,e_1,0.03803803803803807,8,3
14,e_4,0.02902902902902904,7,2
11,d_4,0.026026026026025995,0,7
36,z_0,0.019095477386934623,1,8
20,sy_0,0.015075376884422065,1,0
2,y_2,0.010000000000000009,2,1
16,y_0,0.004004004004004025,0,8
6,dd_1,0.0030030030030030463,0,7
24,result_val_0,0.0020100502512562235,1,0
7,temp_0,0.002002002002001957,0,7
8,temp_3,0.0010010010010009784,0,2
35,stat_ct_0,0.0,0,0
34,stat_cp_0,0.0,0,0
32,result_val_2,0.0,0,0
37,seps_0,0.0,0,0
31,result_err_10,0.0,0,0
30,result_err_9,0.0,0,0
29,result_err_8,0.0,0,0
38,ceps_0,0.0,0,0
27,stat_ca_0,0.0,0,0
0,result_err_7,0.0,0,0
25,s_0,0.0,0,0
23,result_err_1,0.0,0,0
21,abs_sum_0,0.0,0,0
1,result_val_1,0.0,0,0
19,d_5,0.0,0,0
17,y2_0,0.0,0,0
15,result_err_0,0.0,0,0
12,e_0,0.0,0,0
9,d_0,0.0,0,0
5,dd_0,0.0,0,0
4,status_0,0.0,0,0
3,fn_1,0.0,0,0
39,e2_0,0.0,0,0
