*************Target variables in total: 40*************
Number of Faulty Executions: 559
,variable_name,max_risk_diff,quantile1,quantile2
33,sqrty_0,0.978894472361809,4,0
2,y_2,0.872,4,1
17,y2_0,0.8678678678678678,6,8
16,y_0,0.8408408408408409,7,8
19,d_5,0.7788944723618091,3,9
6,dd_1,0.7537537537537538,0,1
7,temp_0,0.7527527527527528,0,1
8,temp_3,0.7507507507507507,0,2
11,d_4,0.7467467467467468,0,1
14,e_4,0.7457457457457458,9,2
10,d_1,0.7407407407407407,0,1
36,z_0,0.6633165829145728,5,8
13,e_1,0.6466466466466467,9,2
28,ampl_0,0.6311557788944724,7,9
18,seps_1,0.44375000000000003,2,1
25,s_0,0.32763819095477387,8,4
32,result_val_2,0.3065326633165829,8,0
22,ceps_1,0.21250000000000002,2,1
24,result_val_0,0.17286432160804022,1,6
37,seps_0,0.12335329341317369,0,7
21,abs_sum_0,0.10954773869346734,2,7
20,sy_0,0.08844221105527639,6,9
26,cy_0,0.0653266331658292,2,6
29,result_err_8,0.0,0,0
34,stat_cp_0,0.0,0,0
35,stat_ct_0,0.0,0,0
38,ceps_0,0.0,0,0
31,result_err_10,0.0,0,0
30,result_err_9,0.0,0,0
0,result_err_7,0.0,0,0
27,stat_ca_0,0.0,0,0
23,result_err_1,0.0,0,0
1,result_val_1,0.0,0,0
15,result_err_0,0.0,0,0
12,e_0,0.0,0,0
9,d_0,0.0,0,0
5,dd_0,0.0,0,0
4,status_0,0.0,0,0
3,fn_1,0.0,0,0
39,e2_0,0.0,0,0
