*************Target variables in total: 37*************
Number of Fault Insertions: 526
Number of Faulty Executions: 218
,variable_name,max_risk_diff,quantile1,quantile2
20,temp_3,0.967,9,3
9,return_val_0,0.6547314578005115,0,6
7,result_val_4,0.629156010230179,0,3
24,px11_0,0.6112531969309463,0,2
1,value_2,0.5601023017902813,8,4
26,result_val_6,0.5549872122762148,0,6
6,x_4,0.5396419437340154,0,5
31,px_0,0.4629156010230179,0,6
22,dd_1,0.367,2,4
21,temp_0,0.367,2,4
12,result_val_0,0.367,2,4
17,d_4,0.311,3,4
25,t_0,0.30690537084398983,0,1
14,e_4,0.305,0,4
11,y_0,0.28,2,3
10,y2_0,0.279,2,3
18,d_1,0.10999999999999999,9,0
15,e_1,0.09099999999999997,9,8
29,result_err_7,0.0,0,0
28,result_err_8,0.0,0,0
32,t_1,0.0,0,0
33,result_val_7,0.0,0,0
34,c0_1,0.0,0,0
27,c0_0,0.0,0,0
35,result_err_10,0.0,0,0
30,result_err_6,0.0,0,0
0,n_4,0.0,0,0
23,dd_0,0.0,0,0
19,d_0,0.0,0,0
16,e_0,0.0,0,0
13,result_err_0,0.0,0,0
8,status_0,0.0,0,0
5,count_0,0.0,0,0
4,count_1,0.0,0,0
3,result_err_4,0.0,0,0
2,value_1,0.0,0,0
36,result_err_9,0.0,0,0
