*************Target variables in total: 37*************
Number of Fault Insertions: 84
Number of Faulty Executions: 84
,variable_name,max_risk_diff,quantile1,quantile2
26,result_val_6,0.9514066496163683,9,4
24,px11_0,0.6035805626598465,0,4
9,return_val_0,0.5754475703324808,0,4
1,value_2,0.2915601023017903,0,6
6,x_4,0.21994884910485935,0,3
25,t_0,0.015345268542199489,3,4
18,d_1,0.008,9,7
14,e_4,0.007,0,3
17,d_4,0.005,1,3
20,temp_3,0.004,9,0
7,result_val_4,0.0025575447570332505,0,2
15,e_1,0.001,0,8
31,px_0,0.0,0,0
32,t_1,0.0,0,0
30,result_err_6,0.0,0,0
23,dd_0,0.0,0,0
28,result_err_8,0.0,0,0
27,c0_0,0.0,0,0
33,result_val_7,0.0,0,0
34,c0_1,0.0,0,0
35,result_err_10,0.0,0,0
29,result_err_7,0.0,0,0
0,n_4,0.0,0,0
22,dd_1,0.0,0,0
21,temp_0,0.0,0,0
19,d_0,0.0,0,0
16,e_0,0.0,0,0
13,result_err_0,0.0,0,0
12,result_val_0,0.0,0,0
11,y_0,0.0,0,0
10,y2_0,0.0,0,0
8,status_0,0.0,0,0
5,count_0,0.0,0,0
4,count_1,0.0,0,0
3,result_err_4,0.0,0,0
2,value_1,0.0,0,0
36,result_err_9,0.0,0,0
