*************Target variables in total: 37*************
Number of Fault Insertions: 192
Number of Faulty Executions: 192
,variable_name,max_risk_diff,quantile1,quantile2
31,px_0,1.0,0,1
7,result_val_4,0.7544757033248082,0,5
26,result_val_6,0.7058823529411764,0,3
25,t_0,0.6163682864450127,0,1
9,return_val_0,0.5703324808184143,0,7
1,value_2,0.5677749360613811,9,7
24,px11_0,0.5626598465473146,0,7
6,x_4,0.47058823529411764,0,5
12,result_val_0,0.324,0,4
22,dd_1,0.318,0,4
14,e_4,0.259,3,4
11,y_0,0.236,0,3
17,d_4,0.23,3,4
10,y2_0,0.227,0,3
21,temp_0,0.193,0,4
15,e_1,0.12699999999999997,0,8
18,d_1,0.11699999999999999,9,1
20,temp_3,0.071,0,7
29,result_err_7,0.0,0,0
32,t_1,0.0,0,0
28,result_err_8,0.0,0,0
33,result_val_7,0.0,0,0
34,c0_1,0.0,0,0
27,c0_0,0.0,0,0
35,result_err_10,0.0,0,0
30,result_err_6,0.0,0,0
0,n_4,0.0,0,0
23,dd_0,0.0,0,0
19,d_0,0.0,0,0
16,e_0,0.0,0,0
13,result_err_0,0.0,0,0
8,status_0,0.0,0,0
5,count_0,0.0,0,0
4,count_1,0.0,0,0
3,result_err_4,0.0,0,0
2,value_1,0.0,0,0
36,result_err_9,0.0,0,0
