*************Target variables in total: 37*************
Number of Fault Insertions: 283
Number of Faulty Executions: 283
,variable_name,max_risk_diff,quantile1,quantile2
20,temp_3,0.935,9,7
26,result_val_6,0.4808184143222506,0,4
12,result_val_0,0.387,2,4
17,d_4,0.381,2,4
14,e_4,0.376,0,4
21,temp_0,0.373,2,4
22,dd_1,0.371,2,4
7,result_val_4,0.309462915601023,0,8
10,y2_0,0.293,0,3
11,y_0,0.293,0,3
9,return_val_0,0.1662404092071611,0,7
1,value_2,0.12276214833759591,0,3
24,px11_0,0.11764705882352944,0,7
6,x_4,0.11764705882352944,0,6
25,t_0,0.0613810741687979,8,1
31,px_0,0.051150895140664954,0,1
18,d_1,0.01100000000000001,6,0
15,e_1,0.007000000000000006,4,0
29,result_err_7,0.0,0,0
28,result_err_8,0.0,0,0
32,t_1,0.0,0,0
33,result_val_7,0.0,0,0
34,c0_1,0.0,0,0
27,c0_0,0.0,0,0
35,result_err_10,0.0,0,0
30,result_err_6,0.0,0,0
0,n_4,0.0,0,0
23,dd_0,0.0,0,0
19,d_0,0.0,0,0
16,e_0,0.0,0,0
13,result_err_0,0.0,0,0
8,status_0,0.0,0,0
5,count_0,0.0,0,0
4,count_1,0.0,0,0
3,result_err_4,0.0,0,0
2,value_1,0.0,0,0
36,result_err_9,0.0,0,0
