*************Target variables in total: 37*************
Number of Fault Insertions: 243
Number of Faulty Executions: 103
,variable_name,max_risk_diff,quantile1,quantile2
9,return_val_0,0.928388746803069,0,8
24,px11_0,0.8439897698209718,0,1
7,result_val_4,0.8439897698209718,0,8
31,px_0,0.7851662404092071,0,6
26,result_val_6,0.7749360613810742,0,8
1,value_2,0.6726342710997443,0,1
6,x_4,0.21994884910485935,0,1
11,y_0,0.052,0,1
10,y2_0,0.042,0,1
25,t_0,0.03836317135549872,3,7
21,temp_0,0.033,0,4
12,result_val_0,0.03,0,2
22,dd_1,0.026,0,4
14,e_4,0.026,0,4
17,d_4,0.022,0,4
18,d_1,0.008,0,1
20,temp_3,0.005,0,1
15,e_1,0.004999999999999999,0,5
29,result_err_7,0.0,0,0
32,t_1,0.0,0,0
28,result_err_8,0.0,0,0
33,result_val_7,0.0,0,0
34,c0_1,0.0,0,0
27,c0_0,0.0,0,0
35,result_err_10,0.0,0,0
30,result_err_6,0.0,0,0
0,n_4,0.0,0,0
23,dd_0,0.0,0,0
19,d_0,0.0,0,0
16,e_0,0.0,0,0
13,result_err_0,0.0,0,0
8,status_0,0.0,0,0
5,count_0,0.0,0,0
4,count_1,0.0,0,0
3,result_err_4,0.0,0,0
2,value_1,0.0,0,0
36,result_err_9,0.0,0,0
