*************Target variables in total: 37*************
Number of Faulty Executions: 265
,variable_name,max_risk_diff,quantile1,quantile2
32,t_1,0.9113300492610837,0,3
26,result_val_6,0.9002557544757033,9,6
6,x_4,0.8823529411764706,0,5
9,return_val_0,0.6956521739130435,0,6
7,result_val_4,0.6214833759590792,0,4
24,px11_0,0.6061381074168798,0,6
1,value_2,0.59846547314578,0,3
22,dd_1,0.076,3,0
21,temp_0,0.071,3,4
11,y_0,0.069,2,8
10,y2_0,0.063,2,4
12,result_val_0,0.03900000000000001,2,4
31,px_0,0.03836317135549872,1,0
25,t_0,0.03324808184143223,1,0
33,result_val_7,0.026272577996715923,6,5
20,temp_3,0.020999999999999998,0,8
17,d_4,0.008000000000000007,0,4
14,e_4,0.007000000000000006,0,4
15,e_1,0.005999999999999998,9,8
18,d_1,0.0049999999999999906,0,1
28,result_err_8,0.0,0,0
29,result_err_7,0.0,0,0
34,c0_1,0.0,0,0
27,c0_0,0.0,0,0
35,result_err_10,0.0,0,0
30,result_err_6,0.0,0,0
0,n_4,0.0,0,0
23,dd_0,0.0,0,0
19,d_0,0.0,0,0
16,e_0,0.0,0,0
13,result_err_0,0.0,0,0
8,status_0,0.0,0,0
5,count_0,0.0,0,0
4,count_1,0.0,0,0
3,result_err_4,0.0,0,0
2,value_1,0.0,0,0
36,result_err_9,0.0,0,0
