*************Target variables in total: 37*************
Number of Faulty Executions: 494
,variable_name,max_risk_diff,quantile1,quantile2
21,temp_0,0.842,3,9
22,dd_1,0.8220000000000001,3,5
10,y2_0,0.813,3,8
20,temp_3,0.785,0,7
7,result_val_4,0.639386189258312,0,5
18,d_1,0.5820000000000001,0,8
26,result_val_6,0.5498721227621484,0,4
17,d_4,0.532,3,6
15,e_1,0.49600000000000005,9,4
1,value_2,0.48593350383631717,0,6
12,result_val_0,0.483,1,9
32,t_1,0.48275862068965514,0,5
6,x_4,0.4629156010230179,0,5
11,y_0,0.389,3,7
9,return_val_0,0.350383631713555,0,6
24,px11_0,0.32225063938618925,0,6
25,t_0,0.28132992327365725,8,4
31,px_0,0.28132992327365725,3,2
33,result_val_7,0.2594417077175698,9,2
14,e_4,0.11099999999999993,3,8
29,result_err_7,0.0,0,0
28,result_err_8,0.0,0,0
34,c0_1,0.0,0,0
27,c0_0,0.0,0,0
35,result_err_10,0.0,0,0
30,result_err_6,0.0,0,0
0,n_4,0.0,0,0
23,dd_0,0.0,0,0
19,d_0,0.0,0,0
16,e_0,0.0,0,0
13,result_err_0,0.0,0,0
8,status_0,0.0,0,0
5,count_0,0.0,0,0
4,count_1,0.0,0,0
3,result_err_4,0.0,0,0
2,value_1,0.0,0,0
36,result_err_9,0.0,0,0
