*************Target variables in total: 37*************
Number of Faulty Executions: 749
,variable_name,max_risk_diff,quantile1,quantile2
31,px_0,0.4603580562659847,2,9
26,result_val_6,0.45012787723785164,0,4
7,result_val_4,0.21483375959079287,0,8
9,return_val_0,0.19693094629156005,0,8
32,t_1,0.19047619047619047,9,8
24,px11_0,0.1892583120204604,0,8
6,x_4,0.1892583120204604,0,8
10,y2_0,0.17700000000000005,2,8
1,value_2,0.15089514066496168,0,7
22,dd_1,0.10499999999999998,3,0
18,d_1,0.09199999999999997,0,4
21,temp_0,0.08999999999999997,2,0
11,y_0,0.08499999999999996,2,0
12,result_val_0,0.08299999999999996,4,0
15,e_1,0.07899999999999996,0,1
33,result_val_7,0.06568144499178985,0,7
25,t_0,0.051150895140664954,7,0
17,d_4,0.038000000000000034,4,0
14,e_4,0.01200000000000001,2,8
20,temp_3,0.0040000000000000036,0,2
29,result_err_7,0.0,0,0
28,result_err_8,0.0,0,0
34,c0_1,0.0,0,0
27,c0_0,0.0,0,0
35,result_err_10,0.0,0,0
30,result_err_6,0.0,0,0
0,n_4,0.0,0,0
23,dd_0,0.0,0,0
19,d_0,0.0,0,0
16,e_0,0.0,0,0
13,result_err_0,0.0,0,0
8,status_0,0.0,0,0
5,count_0,0.0,0,0
4,count_1,0.0,0,0
3,result_err_4,0.0,0,0
2,value_1,0.0,0,0
36,result_err_9,0.0,0,0
