*************Target variables in total: 37*************
Number of Faulty Executions: 952
,variable_name,max_risk_diff,quantile1,quantile2
31,px_0,0.038363171355498715,0,9
18,d_1,0.03400000000000003,9,0
15,e_1,0.013000000000000012,9,0
25,t_0,0.010230179028132946,5,9
24,px11_0,0.007672634271099765,0,8
1,value_2,0.005115089514066473,0,8
6,x_4,0.005115089514066473,0,6
9,return_val_0,0.005115089514066473,0,8
32,t_1,0.0049261083743842304,0,8
14,e_4,0.0040000000000000036,0,7
17,d_4,0.0030000000000000027,0,9
26,result_val_6,0.0,0,0
29,result_err_7,0.0,0,0
27,c0_0,0.0,0,0
28,result_err_8,0.0,0,0
22,dd_1,0.0,0,0
30,result_err_6,0.0,0,0
33,result_val_7,0.0,0,0
34,c0_1,0.0,0,0
35,result_err_10,0.0,0,0
23,dd_0,0.0,0,0
0,n_4,0.0,0,0
21,temp_0,0.0,0,0
20,temp_3,0.0,0,0
19,d_0,0.0,0,0
16,e_0,0.0,0,0
13,result_err_0,0.0,0,0
12,result_val_0,0.0,0,0
11,y_0,0.0,0,0
10,y2_0,0.0,0,0
8,status_0,0.0,0,0
7,result_val_4,0.0,0,0
5,count_0,0.0,0,0
4,count_1,0.0,0,0
3,result_err_4,0.0,0,0
2,value_1,0.0,0,0
36,result_err_9,0.0,0,0
