*************Target variables in total: 37*************
Number of Fault Insertions: 345
Number of Faulty Executions: 317
,variable_name,max_risk_diff,quantile1,quantile2
12,result_val_0,0.874,9,5
9,return_val_0,0.7953964194373402,6,8
7,result_val_4,0.7902813299232737,6,8
17,d_4,0.78,0,5
31,px_0,0.7621483375959079,6,8
26,result_val_6,0.7544757033248082,0,3
24,px11_0,0.7237851662404092,6,8
6,x_4,0.4143222506393862,6,8
1,value_2,0.34526854219948844,6,8
25,t_0,0.32480818414322243,6,8
11,y_0,0.305,2,3
10,y2_0,0.303,2,3
22,dd_1,0.28099999999999997,0,4
21,temp_0,0.28099999999999997,2,4
14,e_4,0.17300000000000001,0,6
18,d_1,0.164,9,3
15,e_1,0.06799999999999999,5,8
20,temp_3,0.024999999999999998,9,0
32,t_1,0.0049261083743842365,7,0
33,result_val_7,0.003284072249589487,8,2
29,result_err_7,0.0,0,0
28,result_err_8,0.0,0,0
34,c0_1,0.0,0,0
27,c0_0,0.0,0,0
35,result_err_10,0.0,0,0
30,result_err_6,0.0,0,0
0,n_4,0.0,0,0
23,dd_0,0.0,0,0
19,d_0,0.0,0,0
16,e_0,0.0,0,0
13,result_err_0,0.0,0,0
8,status_0,0.0,0,0
5,count_0,0.0,0,0
4,count_1,0.0,0,0
3,result_err_4,0.0,0,0
2,value_1,0.0,0,0
36,result_err_9,0.0,0,0
