*************Target variables in total: 37*************
Number of Fault Insertions: 360
Number of Faulty Executions: 331
,variable_name,max_risk_diff,quantile1,quantile2
9,return_val_0,0.9462915601023018,0,6
24,px11_0,0.9411764705882354,0,6
7,result_val_4,0.9360613810741688,0,6
26,result_val_6,0.8491048593350383,0,3
31,px_0,0.8312020460358056,0,6
22,dd_1,0.794,0,8
20,temp_3,0.794,0,4
21,temp_0,0.792,0,4
18,d_1,0.743,0,3
25,t_0,0.44757033248081846,0,6
17,d_4,0.37900000000000006,0,4
6,x_4,0.3273657289002557,0,6
1,value_2,0.2506393861892583,0,6
11,y_0,0.072,0,9
10,y2_0,0.071,2,9
12,result_val_0,0.06,2,5
14,e_4,0.04199999999999998,7,1
33,result_val_7,0.02955665024630541,8,6
32,t_1,0.01477832512315271,1,9
15,e_1,0.0020000000000000018,9,3
29,result_err_7,0.0,0,0
28,result_err_8,0.0,0,0
34,c0_1,0.0,0,0
27,c0_0,0.0,0,0
35,result_err_10,0.0,0,0
30,result_err_6,0.0,0,0
0,n_4,0.0,0,0
23,dd_0,0.0,0,0
19,d_0,0.0,0,0
16,e_0,0.0,0,0
13,result_err_0,0.0,0,0
8,status_0,0.0,0,0
5,count_0,0.0,0,0
4,count_1,0.0,0,0
3,result_err_4,0.0,0,0
2,value_1,0.0,0,0
36,result_err_9,0.0,0,0
