*************Target variables in total: 47*************
Number of Fault Insertions: 749
Number of Faulty Executions: 445
,variable_name,max_risk_diff,quantile1,quantile2
44,t_2,0.1636060100166945,0,2
46,result_val_5,0.025041736227045086,0,2
41,et_0,0.02003338898163609,0,1
37,sumexp_1,0.005008347245408995,0,3
36,sumexp_2,0.005008347245408995,0,3
45,sumexp_5,0.005008347245408995,0,3
35,xk_0,0.0033388981636059967,0,9
42,numexp_1,0.0,0,0
32,xk1_0,0.0,0,0
26,result_err_2,0.0,0,0
27,result_c_val_0,0.0,0,0
28,t_1,0.0,0,0
29,result_val_3,0.0,0,0
30,result_val_2,0.0,0,0
31,xk1_1,0.0,0,0
33,rk_1,0.0,0,0
43,result_err_6,0.0,0,0
34,rk_0,0.0,0,0
24,result_err_4,0.0,0,0
38,sumexp_0,0.0,0,0
39,sum2_1,0.0,0,0
40,sum2_0,0.0,0,0
25,result_err_3,0.0,0,0
0,result_err_1,0.0,0,0
1,val_infinity_0,0.0,0,0
11,cs_c_j_0,0.0,0,0
2,result_val_1,0.0,0,0
3,status_0,0.0,0,0
4,cs_b_0,0.0,0,0
5,cs_a_0,0.0,0,0
6,cs_c_cs_order_0,0.0,0,0
7,y2_0,0.0,0,0
8,y_0,0.0,0,0
9,cs_c_0_0,0.0,0,0
10,result_val_0,0.0,0,0
12,result_err_0,0.0,0,0
22,dd_0,0.0,0,0
13,e_4,0.0,0,0
14,e_1,0.0,0,0
15,e_0,0.0,0,0
16,d_4,0.0,0,0
17,d_1,0.0,0,0
18,d_0,0.0,0,0
19,temp_3,0.0,0,0
20,temp_0,0.0,0,0
21,dd_1,0.0,0,0
23,result_c_err_0,0.0,0,0
